0.8 0.542 0.80249 0.11442 
0.78672 0.044388 0.9191156474 0.27819 
0.6528922 0.3002654864 0.21424012 0.36386773 
0.8619 0.8425 0.9412791 0.469 

0.218179 0.332071 0.63 0.0221 
0.627783 0.779328511 0.852151999 0.8484698576 
0.7911 0.3 0.2 0.3828733399 
0.9624 0.45 0.39 0.1274 

0.4 0.4698695 0.5613934782 0.8238031 
0.438680394 0.839024989 0.91 0.1 
0.34983 0.700792 0.419 0.2157558602 
0.4 0.79250277 0.7283 0.733 

0.7052 0.1615287 0.5046 0.2 
0.1 0.28 0.81 0.3521964655 
0.2954 0.2012687 0.7013 0.314 
0.7721 0.24302 0.0705222 0.9484647 

0.010059707
0.766624384
0.196459
0.1875908

0.11585529
0.64963
0.996758538
0.0242656

